1 1 2 82 3 15 4 4 5 95 6 36 7 32 8 29 9 18 10 95 11 14 12 87 13 95 14 70 15 12 16 76 17 55 18 5 19 4 20 12
2 2 1 28 3 30 4 65 5 78 6 4 7 72 8 26 9 92 10 84 11 90 12 70 13 54 14 29 15 58 16 76 17 36 18 1 19 98 20 21
3 3 1 90 2 55 4 44 5 36 6 20 7 28 8 98 9 44 10 14 11 12 12 49 13 13 14 46 15 45 16 78 17 34 18 6 19 94 20 59
4 4 1 69 2 16 3 49 5 11 6 71 7 38 8 81 9 80 10 47 11 74 12 25 13 91 14 9 15 6 16 85 17 30 18 99 19 38 20 11
5 5 1 30 2 13 3 49 4 36 6 59 7 82 8 47 9 21 10 48 11 46 12 27 13 86 14 35 15 90 16 88 17 83 18 10 19 78 20 82
6 6 1 22 2 69 3 94 4 32 5 21 7 60 8 49 9 35 10 82 11 89 12 72 13 29 14 88 15 42 16 99 17 100 18 8 19 30 20 5
7 7 1 41 2 52 3 35 4 9 5 28 6 73 8 92 9 41 10 28 11 84 12 64 13 51 14 83 15 59 16 19 17 34 18 18 19 32 20 96
8 8 1 72 2 69 3 34 4 96 5 75 6 55 7 75 9 52 10 47 11 29 12 18 13 66 14 64 15 12 16 97 17 7 18 15 19 20 20 81
9 9 1 21 2 88 3 55 4 77 5 9 6 50 7 49 8 77 10 60 11 68 12 33 13 71 14 2 15 88 16 93 17 15 18 88 19 69 20 97
10 10 1 35 2 99 3 83 4 44 5 15 6 38 7 56 8 21 9 59 11 1 12 93 13 93 14 34 15 65 16 98 17 23 18 65 19 14 20 81
11 11 1 39 2 82 3 65 4 78 5 26 6 20 7 48 8 98 9 21 10 70 12 100 13 68 14 1 15 77 16 42 17 63 18 3 19 15 20 47
12 12 1 40 2 31 3 8 4 31 5 73 6 11 7 11 8 94 9 63 10 9 11 98 13 69 14 99 15 17 16 17 17 85 18 61 19 71 20 22
13 13 1 34 2 68 3 78 4 55 5 28 6 70 7 97 8 94 9 89 10 26 11 92 12 40 14 52 15 86 16 84 17 48 18 57 19 67 20 58
14 14 1 16 2 32 3 29 4 9 5 44 6 3 7 76 8 71 9 30 10 76 11 29 12 1 13 10 15 91 16 81 17 8 18 30 19 9 20 5
15 15 1 43 2 10 3 66 4 31 5 36 6 86 7 63 8 28 9 70 10 17 11 93 12 74 13 74 14 61 16 32 17 61 18 53 19 25 20 13
16 16 1 13 2 85 3 56 4 46 5 55 6 53 7 60 8 94 9 7 10 87 11 84 12 83 13 13 14 8 15 52 17 94 18 44 19 14 20 32
17 17 1 25 2 25 3 69 4 58 5 18 6 55 7 24 8 36 9 60 10 32 11 10 12 57 13 71 14 13 15 7 16 84 18 70 19 2 20 12
18 18 1 97 2 31 3 22 4 53 5 63 6 62 7 28 8 52 9 8 10 22 11 49 12 1 13 50 14 34 15 59 16 37 17 55 19 90 20 94
19 19 1 72 2 85 3 92 4 63 5 20 6 25 7 38 8 28 9 8 10 75 11 95 12 70 13 8 14 96 15 41 16 8 17 7 18 75 20 62
20 20 1 65 2 68 3 21 4 8 5 66 6 11 7 24 8 9 9 77 10 9 11 87 12 31 13 52 14 16 15 73 16 32 17 75 18 77 19 6