1 1 2 5 3 37 4 90 5 98 6 19 7 60 8 48 9 86 10 90 11 13 12 59 13 77 14 64 15 78 16 3 17 66 18 56 19 74 20 48 21 80 22 71 23 97 24 56 25 51 26 23 27 8 28 14 29 16 30 49
2 2 1 20 3 13 4 21 5 66 6 64 7 17 8 99 9 50 10 77 11 65 12 35 13 74 14 24 15 49 16 9 17 7 18 75 19 8 20 24 21 8 22 22 23 38 24 36 25 10 26 67 27 80 28 14 29 75 30 84
3 3 1 84 2 87 4 8 5 13 6 80 7 59 8 83 9 93 10 43 11 43 12 68 13 86 14 90 15 57 16 22 17 17 18 11 19 100 20 41 21 7 22 76 23 35 24 48 25 94 26 24 27 87 28 78 29 10 30 71
4 4 1 85 2 15 3 39 5 64 6 100 7 94 8 47 9 92 10 56 11 6 12 61 13 54 14 78 15 100 16 11 17 46 18 17 19 83 20 12 21 86 22 94 23 20 24 74 25 40 26 14 27 89 28 69 29 55 30 57
5 5 1 76 2 5 3 19 4 1 6 14 7 16 8 17 9 95 10 3 11 99 12 100 13 44 14 16 15 92 16 69 17 64 18 34 19 97 20 90 21 59 22 44 23 50 24 12 25 92 26 5 27 12 28 92 29 27 30 87
6 6 1 52 2 25 3 88 4 74 5 52 7 34 8 77 9 76 10 53 11 42 12 51 13 45 14 7 15 24 16 69 17 23 18 25 19 91 20 95 21 7 22 86 23 30 24 39 25 29 26 45 27 25 28 100 29 28 30 50
7 7 1 50 2 29 3 8 4 59 5 65 6 8 8 13 9 4 10 4 11 70 12 79 13 66 14 65 15 65 16 15 17 75 18 45 19 34 20 29 21 17 22 58 23 98 24 51 25 20 26 32 27 1 28 14 29 90 30 29
8 8 1 16 2 73 3 80 4 54 5 26 6 49 7 55 9 14 10 2 11 24 12 49 13 15 14 43 15 41 16 34 17 69 18 18 19 70 20 74 21 20 22 89 23 32 24 26 25 31 26 6 27 12 28 35 29 62 30 90
9 9 1 35 2 83 3 10 4 62 5 91 6 44 7 19 8 41 10 29 11 2 12 94 13 27 14 61 15 82 16 20 17 37 18 73 19 86 20 57 21 39 22 93 23 62 24 57 25 40 26 97 27 96 28 71 29 63 30 71
10 10 1 79 2 55 3 93 4 56 5 67 6 74 7 10 8 28 9 79 11 90 12 82 13 93 14 20 15 78 16 96 17 4 18 83 19 14 20 82 21 90 22 12 23 99 24 84 25 30 26 25 27 26 28 79 29 94 30 67
11 11 1 8 2 33 3 22 4 63 5 60 6 54 7 39 8 9 9 44 10 59 12 57 13 89 14 35 15 64 16 18 17 15 18 42 19 46 20 43 21 47 22 13 23 50 24 90 25 58 26 42 27 40 28 27 29 31 30 60
12 12 1 24 2 48 3 39 4 56 5 31 6 76 7 38 8 68 9 82 10 7 11 24 13 39 14 17 15 20 16 28 17 18 18 23 19 89 20 83 21 76 22 65 23 92 24 92 25 25 26 34 27 64 28 50 29 68 30 24
13 13 1 33 2 14 3 96 4 66 5 47 6 18 7 14 8 56 9 40 10 65 11 97 12 33 14 13 15 20 16 74 17 89 18 67 19 51 20 7 21 49 22 74 23 57 24 81 25 59 26 72 27 61 28 70 29 83 30 14
14 14 1 2 2 87 3 92 4 63 5 62 6 10 7 37 8 14 9 86 10 93 11 27 12 58 13 90 15 12 16 88 17 87 18 70 19 55 20 62 21 19 22 24 23 46 24 1 25 11 26 34 27 43 28 6 29 12 30 72
15 15 1 42 2 24 3 3 4 81 5 46 6 27 7 42 8 16 9 54 10 60 11 8 12 2 13 82 14 90 16 11 17 29 18 14 19 26 20 79 21 28 22 32 23 6 24 100 25 51 26 6 27 15 28 13 29 39 30 4
16 16 1 10 2 79 3 65 4 86 5 85 6 87 7 29 8 34 9 36 10 51 11 78 12 24 13 22 14 81 15 92 17 42 18 63 19 74 20 53 21 81 22 91 23 53 24 85 25 43 26 59 27 48 28 76 29 95 30 27
17 17 1 57 2 56 3 82 4 63 5 3 6 67 7 20 8 57 9 5 10 75 11 23 12 99 13 15 14 10 15 57 16 10 18 60 19 14 20 16 21 3 22 81 23 33 24 89 25 84 26 65 27 68 28 51 29 30 30 64
18 18 1 98 2 2 3 31 4 41 5 47 6 14 7 51 8 12 9 17 10 2 11 67 12 77 13 10 14 84 15 15 16 56 17 5 19 88 20 9 21 26 22 95 23 85 24 14 25 72 26 72 27 56 28 66 29 3 30 46
19 19 1 90 2 75 3 42 4 48 5 37 6 86 7 55 8 70 9 3 10 57 11 93 12 94 13 12 14 4 15 79 16 2 17 8 18 3 20 55 21 35 22 33 23 69 24 39 25 4 26 46 27 58 28 40 29 5 30 16
20 20 1 83 2 51 3 39 4 35 5 97 6 41 7 11 8 46 9 6 10 95 11 28 12 70 13 16 14 54 15 43 16 47 17 73 18 58 19 37 21 15 22 64 23 46 24 65 25 24 26 14 27 57 28 55 29 56 30 62
21 21 1 23 2 29 3 86 4 77 5 93 6 35 7 34 8 64 9 81 10 53 11 14 12 41 13 42 14 37 15 14 16 80 17 66 18 66 19 91 20 57 22 97 23 71 24 62 25 94 26 33 27 100 28 85 29 50 30 100
22 22 1 52 2 5 3 3 4 81 5 99 6 2 7 22 8 38 9 25 10 96 11 45 12 80 13 84 14 41 15 20 16 67 17 77 18 66 19 57 20 53 21 75 23 1 24 35 25 82 26 32 27 72 28 41 29 39 30 79
23 23 1 93 2 91 3 2 4 73 5 65 6 23 7 8 8 40 9 92 10 17 11 16 12 58 13 96 14 44 15 33 16 19 17 84 18 30 19 4 20 88 21 12 22 35 24 34 25 23 26 74 27 57 28 65 29 6 30 22
24 24 1 12 2 49 3 39 4 70 5 92 6 90 7 77 8 18 9 68 10 82 11 47 12 97 13 9 14 48 15 79 16 58 17 87 18 47 19 11 20 86 21 62 22 76 23 9 25 97 26 15 27 20 28 17 29 63 30 54
25 25 1 37 2 45 3 35 4 8 5 51 6 20 7 81 8 59 9 77 10 90 11 89 12 76 13 73 14 45 15 41 16 90 17 75 18 3 19 20 20 32 21 24 22 83 23 44 24 12 26 93 27 70 28 57 29 91 30 82
26 26 1 2 2 49 3 43 4 38 5 68 6 21 7 31 8 26 9 55 10 71 11 76 12 67 13 49 14 43 15 30 16 81 17 31 18 41 19 30 20 63 21 11 22 37 23 41 24 15 25 62 27 90 28 42 29 16 30 49
27 27 1 6 2 4 3 38 4 42 5 28 6 37 7 2 8 50 9 75 10 5 11 95 12 74 13 41 14 8 15 5 16 61 17 52 18 16 19 31 20 87 21 17 22 8 23 90 24 94 25 98 26 73 28 55 29 45 30 11
28 28 1 68 2 32 3 16 4 36 5 4 6 58 7 13 8 30 9 42 10 92 11 96 12 63 13 80 14 54 15 71 16 87 17 83 18 46 19 85 20 48 21 12 22 56 23 40 24 31 25 46 26 79 27 54 29 61 30 73
29 29 1 12 2 97 3 83 4 79 5 7 6 27 7 13 8 50 9 38 10 26 11 56 12 59 13 21 14 95 15 94 16 77 17 66 18 98 19 12 20 45 21 96 22 22 23 4 24 59 25 31 26 84 27 3 28 71 30 42
30 30 1 52 2 42 3 22 4 62 5 54 6 23 7 60 8 70 9 7 10 16 11 59 12 83 13 6 14 53 15 1 16 91 17 86 18 37 19 72 20 97 21 82 22 94 23 57 24 35 25 18 26 43 27 30 28 33 29 50