1 1 2 53 3 67 4 70 5 90 6 15 7 23 8 49 9 29 10 38 11 4 12 29 13 15 14 73 15 2 16 13 17 21 18 100 19 66 20 89 21 39 22 89 23 82 24 49 25 76
2 2 1 52 3 99 4 89 5 86 6 42 7 46 8 10 9 44 10 37 11 80 12 21 13 15 14 66 15 9 16 76 17 13 18 35 19 41 20 14 21 81 22 38 23 5 24 45 25 50
3 3 1 13 2 62 4 61 5 25 6 25 7 17 8 34 9 96 10 32 11 100 12 7 13 6 14 87 15 88 16 56 17 91 18 5 19 95 20 92 21 89 22 95 23 84 24 43 25 48
4 4 1 61 2 81 3 59 5 76 6 70 7 20 8 30 9 62 10 59 11 95 12 88 13 45 14 79 15 95 16 6 17 36 18 21 19 2 20 29 21 2 22 75 23 97 24 78 25 83
5 5 1 72 2 70 3 37 4 46 6 73 7 26 8 52 9 15 10 47 11 44 12 15 13 29 14 78 15 92 16 8 17 56 18 98 19 7 20 87 21 80 22 61 23 16 24 19 25 23
6 6 1 83 2 95 3 1 4 80 5 84 7 38 8 83 9 9 10 35 11 10 12 1 13 56 14 36 15 23 16 89 17 68 18 81 19 87 20 25 21 8 22 36 23 62 24 34 25 9
7 7 1 66 2 97 3 77 4 43 5 70 6 63 8 9 9 37 10 63 11 39 12 52 13 52 14 39 15 71 16 58 17 10 18 41 19 33 20 17 21 17 22 85 23 17 24 10 25 57
8 8 1 51 2 84 3 45 4 57 5 11 6 36 7 74 9 99 10 18 11 36 12 96 13 69 14 65 15 47 16 32 17 5 18 90 19 30 20 72 21 63 22 10 23 65 24 35 25 53
9 9 1 89 2 18 3 58 4 33 5 17 6 30 7 77 8 47 10 68 11 15 12 41 13 42 14 64 15 19 16 1 17 11 18 52 19 82 20 88 21 89 22 52 23 49 24 74 25 81
10 10 1 96 2 88 3 65 4 58 5 29 6 29 7 21 8 89 9 19 11 95 12 1 13 43 14 40 15 2 16 69 17 90 18 28 19 78 20 17 21 22 22 25 23 70 24 3 25 10
11 11 1 16 2 13 3 51 4 69 5 65 6 7 7 82 8 40 9 52 10 17 12 36 13 81 14 21 15 87 16 80 17 89 18 9 19 42 20 70 21 76 22 41 23 84 24 80 25 37
12 12 1 3 2 5 3 27 4 15 5 25 6 3 7 22 8 10 9 23 10 72 11 15 13 21 14 55 15 90 16 35 17 49 18 48 19 32 20 75 21 36 22 20 23 39 24 34 25 99
13 13 1 52 2 99 3 21 4 85 5 23 6 62 7 23 8 37 9 58 10 63 11 61 12 37 14 39 15 89 16 74 17 57 18 64 19 49 20 62 21 59 22 15 23 89 24 36 25 75
14 14 1 25 2 33 3 29 4 62 5 83 6 100 7 23 8 45 9 6 10 47 11 29 12 55 13 55 15 40 16 5 17 35 18 69 19 90 20 56 21 13 22 1 23 30 24 69 25 39
15 15 1 3 2 23 3 100 4 82 5 27 6 86 7 87 8 42 9 85 10 91 11 82 12 44 13 57 14 64 16 1 17 74 18 76 19 7 20 38 21 22 22 84 23 29 24 98 25 73
16 16 1 44 2 86 3 2 4 45 5 22 6 8 7 86 8 62 9 7 10 89 11 10 12 40 13 50 14 16 15 21 17 57 18 34 19 8 20 30 21 68 22 4 23 46 24 10 25 7
17 17 1 7 2 3 3 71 4 99 5 92 6 72 7 44 8 84 9 64 10 15 11 70 12 43 13 58 14 30 15 91 16 69 18 63 19 4 20 6 21 2 22 51 23 3 24 94 25 72
18 18 1 82 2 12 3 15 4 78 5 100 6 29 7 81 8 78 9 74 10 71 11 56 12 72 13 89 14 7 15 50 16 62 17 76 19 67 20 87 21 28 22 10 23 69 24 49 25 15
19 19 1 83 2 68 3 100 4 18 5 27 6 13 7 33 8 36 9 36 10 30 11 69 12 44 13 11 14 80 15 66 16 49 17 90 18 71 20 4 21 43 22 26 23 54 24 2 25 90
20 20 1 90 2 58 3 52 4 18 5 2 6 51 7 32 8 26 9 25 10 98 11 73 12 41 13 55 14 43 15 54 16 43 17 6 18 51 19 42 21 60 22 82 23 71 24 69 25 34
21 21 1 76 2 47 3 21 4 6 5 62 6 98 7 63 8 92 9 77 10 85 11 14 12 36 13 40 14 31 15 94 16 99 17 37 18 73 19 77 20 68 22 28 23 59 24 2 25 79
22 22 1 11 2 25 3 63 4 40 5 31 6 68 7 87 8 30 9 42 10 21 11 36 12 1 13 3 14 69 15 12 16 54 17 61 18 72 19 100 20 79 21 31 23 78 24 30 25 91
23 23 1 69 2 26 3 63 4 39 5 73 6 42 7 19 8 51 9 39 10 82 11 71 12 79 13 52 14 48 15 67 16 6 17 48 18 35 19 10 20 6 21 100 22 11 23 10 24 71 25 45
24 24 1 67 2 3 3 97 4 52 5 71 6 82 7 82 8 64 9 45 10 87 11 21 12 2 13 21 14 34 15 63 16 94 17 83 18 54 19 5 20 34 21 70 22 9 23 1 24 11 25 41
25 25 1 50 2 83 3 90 4 34 5 2 6 24 7 14 8 83 9 93 10 59 11 81 12 33 13 25 14 40 15 4 16 5 17 23 18 45 19 56 20 55 21 37 22 56 23 68 24 11 25 2